167740
167741
167742
167743
167744
167745
167746
167747
167748
167749
167750
167751
167752
167753
167754
167755
167756
167757
167758
167759
167760
167761
167762
167763
167764
167765
167766
167767
167768
167769
167770
167771
167772
167773
167774
167775
167776
167777
167778
167779
167780
167781
167782
167783
167784
167785
167786
167787
167788
167789
167790
167791
167792
167793
167794
167795
167796
167797
167798
167799
167800
167801
167802
167803
167804
167805
167806
167807
167808
167809
167810
167811
167812
167813
167814
167815
167816
167817
167818
167819
167820
167821
167822
167823
167824
167825
167826
167827
167828
167829
167830
167831
167832
167833
167834
167835
167836
167837
167838
167839
167840
167841
167842
167843
167844
180534
180535
180536
180537
180538
180539
180540
180541
180542
110351
110401
110302
110070
110071
110305
161805
161827
161849
203917
203918
203919
203920
203921
203922
203923
203924
203925
203926
203927
203928
203929
203930
203931
203932
203933
203934
203935
203936
161455
167953
169153
